[14686]2004-03-29 11:51:56.589296 186 31 122.153 -4 1847.36 2.14412
[14703]2004-03-29 12:03:21.494231 209 31 122.153 -3.91901 1847.36 2.16759
[14713]2004-03-29 12:10:12.32822 223 31 122.153 -3.91901 1847.36 2.16759
[14818]2004-03-29 15:57:45.857107 362 31 122.153 -3.91901 1199.68 2.09127
[14825]2004-03-29 16:02:23.993357 371 31 122.153 -3.91901 1023.04 2.09127
[14825]2004-03-29 16:03:13.043361 373 31 122.153 -3.91901 1023.04 2.09127
[14826]2004-03-29 16:03:42.386489 374 31 122.153 -3.91901 1023.04 2.09127
[14826]2004-03-29 16:04:12.420468 375 31 122.153 -3.91901 1023.04 2.09127
[14827]2004-03-29 16:04:42.540572 376 31 122.153 -3.91901 1023.04 2.09127
[14828]2004-03-29 16:05:12.807071 377 31 122.153 -3.91901 964.16 2.09127
[14828]2004-03-29 16:05:44.179617 378 31 122.153 -3.91901 1023.04 2.09127
[14833]2004-03-29 16:08:42.564403 384 31 122.153 -3.91901 1140.8 2.09127
[14836]2004-03-29 16:10:25.40991 387 31 122.153 -3.91901 1199.68 2.09127
[14837]2004-03-29 16:10:42.449948 388 31 122.153 -3.91901 1199.68 2.09866
[14837]2004-03-29 16:11:12.46738 389 31 122.153 -3.91901 1140.8 2.09127
[14846]2004-03-29 16:16:42.827605 400 31 122.153 -3.91901 1140.8 2.09866
[14846]2004-03-29 16:18:17.483336 403 31 122.153 -3.91901 1081.92 2.09866
[14849]2004-03-29 16:20:13.086222 407 31 122.153 -3.91901 1081.92 2.09866
[14854]2004-03-29 16:23:12.353372 413 31 122.153 -3.91901 1023.04 2.09866
[14855]2004-03-29 16:23:42.603579 414 31 122.153 -3.91901 1023.04 2.09866
[14856]2004-03-29 16:24:12.357108 415 31 122.153 -3.91901 964.16 2.09866
[14856]2004-03-29 16:24:42.738592 416 31 122.153 -3.91901 964.16 2.09866
[14857]2004-03-29 16:25:40.698415 417 31 122.153 -3.91901 964.16 2.09866
[14858]2004-03-29 16:26:12.856771 419 31 122.153 -3.91901 920 2.09866
[14859]2004-03-29 16:26:42.859863 420 31 122.153 -3.91901 920 2.09866
[14862]2004-03-29 16:28:13.236858 423 31 122.153 -3.91901 1023.04 2.09866
[14863]2004-03-29 16:29:42.485504 426 31 122.153 -3.91901 1023.04 2.09866
[14868]2004-03-29 16:32:42.50897 432 31 122.153 -3.91901 920 2.09866
[14874]2004-03-29 16:36:12.376244 439 31 122.153 -3.91901 861.12 2.09866
[14878]2004-03-29 16:38:12.391196 443 31 122.153 -3.91901 964.16 2.09866
[14882]2004-03-29 16:40:13.152465 447 31 122.153 -3.91901 964.16 2.09866
[14884]2004-03-29 16:41:12.936906 449 31 122.153 -3.91901 964.16 2.09866
[14887]2004-03-29 16:43:13.023803 453 31 122.153 -3.91901 964.16 2.09866
[14887]2004-03-29 16:43:58.963298 454 31 122.153 -3.91901 920 2.09866
[14889]2004-03-29 16:45:13.118093 457 31 122.153 -3.91901 831.68 2.09866
[14896]2004-03-29 16:49:12.53671 465 31 122.153 -3.91901 920 2.09866
[14900]2004-03-29 16:51:13.308464 469 31 122.153 -3.91901 861.12 2.09866
[14904]2004-03-29 16:53:42.574482 474 31 122.153 -3.91901 890.56 2.09866
[14905]2004-03-29 16:54:12.929108 475 31 122.153 -3.91901 890.56 2.09866
[14906]2004-03-29 16:54:42.432379 476 31 122.153 -3.91901 861.12 2.09866
[14908]2004-03-29 16:55:42.548107 478 31 122.153 -3.91901 861.12 2.09866
[14909]2004-03-29 16:56:13.179774 479 31 122.153 -3.91901 861.12 2.09866
[14910]2004-03-29 16:57:42.80943 482 31 122.153 -3.91901 831.68 2.09866
[14914]2004-03-29 17:00:13.186935 487 31 122.153 -3.91901 831.68 2.09866
[14916]2004-03-29 17:01:12.821293 489 31 122.153 -3.91901 831.68 2.09866
[14919]2004-03-29 17:02:42.235582 492 31    2.16759
[14921]2004-03-29 17:03:43.202408 494 31 122.153 -3.91901 713.92 2.09866
[14922]2004-03-29 17:04:12.453292 495 31 122.153 -3.91901 713.92 2.09866
[14923]2004-03-29 17:05:12.952254 497 31 122.153 -3.91901 713.92 2.09866
[14925]2004-03-29 17:06:12.451297 499 31 122.153 -3.91901 772.8 2.09866
[14931]2004-03-29 17:10:12.471342 507 31 122.153 -3.91901 772.8 2.09866
[14934]2004-03-29 17:11:42.963771 510 31 122.153 -3.91901 713.92 2.09866
[14936]2004-03-29 17:12:43.016236 512 31 122.153 -3.91901 684.48 2.09866
[14944]2004-03-29 17:17:43.156203 522 31 122.153 -3.91901 684.48 2.09866
[14945]2004-03-29 17:18:13.157304 523 31 122.153 -3.91901 684.48 2.09866
[14948]2004-03-29 17:20:13.31054 527 31 122.153 -3.91901 655.04 2.09127
[14949]2004-03-29 17:20:42.542601 528 31 122.153 -3.91901 625.6 2.09866
[14952]2004-03-29 17:23:26.451586 533 31 122.153 -3.91901 537.28 2.09866
[14957]2004-03-29 17:26:42.94 540 31 122.153 -3.91901 596.16 2.09866
[14964]2004-03-29 17:31:13.081358 549 31 122.153 -3.91901 596.16 2.09127
[14968]2004-03-29 17:33:12.596935 553 31 122.153 -3.91901 537.28 2.09866
[14972]2004-03-29 17:35:42.962627 558 31 122.153 -3.91901 478.4 2.09127
[14973]2004-03-29 17:36:13.218799 559 31 122.153 -3.91901 478.4 2.09866
[14840]2004-03-29 16:13:42.945707 394 31 122.153 -3.91901 1140.8 2.09866

2004-03-29 10:29:42.295324 22 31 122.153 -3.91901 1847.36 2.1364
2004-03-29 10:30:12.761913 23 31 122.153 -3.91901 1847.36 2.1364
2004-03-29 10:31:19.922353 25 31 122.153 -3.91901 1847.36 2.1364
2004-03-29 10:34:20.917539 31 31 122.153 -3.91901 1611.84 2.14412
2004-03-29 10:44:49.321502 52 31 122.153 -3.91901 1847.36 2.14412
2004-03-29 10:53:47.812856 70 31 122.153 -3.91901 1847.36 2.14412
2004-03-29 11:01:48.517235 86 31 122.153 -3.91901 1729.6 2.14412
2004-03-29 11:09:59.268784 102 31 122.153 -3.91901 1847.36 2.12875
2004-03-29 11:13:42.255482 110 31 122.153 -3.91901 1847.36 2.15188

2004-03-17 13:01:49.073471 2 17 122.153 -3.91901 890.56 2.15971
2004-03-20 04:29:21.731048 2 17 122.153 -3.91901 121.44 2.06222
2004-03-20 03:19:50.334465 2 17 122.153 -3.91901 121.44 2.07664
2004-03-20 02:52:50.24032 2 17 122.153 -3.91901 121.44 2.07664
2004-03-17 13:02:24.900531 3 17 122.153 -3.91901 890.56 2.15971
2004-03-20 05:15:20.604047 3 17 122.153 -3.91901 121.44 2.06222
2004-03-19 14:35:19.086819 4 17 122.153 -3.91901 1140.8 2.11359
2004-03-17 13:02:59.739537 4 17 122.153 -3.91901 861.12 2.15971
2004-03-20 05:15:50.615137 4 17 122.153 -3.91901 121.44 2.06222
2004-03-18 00:05:15.577063 5 17 122.153 -3.91901 121.44 2.15188
2004-03-19 12:48:18.724519 5 17 122.153 -3.91901 964.16 2.1061
2004-03-17 13:03:35.340233 5 17 122.153 -3.91901 861.12 2.16759
2004-03-20 04:44:21.694142 5 17 122.153 -3.91901 121.44 2.06222
2004-03-17 13:04:10.771435 6 17 122.153 -3.91901 890.56 2.16759
2004-03-20 03:15:50.326535 6 17 122.153 -3.91901 121.44 2.07664
2004-03-20 04:23:51.557289 6 17 122.153 -3.91901 121.44 2.06941
2004-03-20 03:21:50.33605 6 17 122.153 -3.91901 121.44 2.07664
2004-03-20 03:28:20.386651 7 17 122.153 -3.91901 121.44 2.07664
2004-03-20 03:16:20.299741 7 17 122.153 -3.91901 121.44 2.07664
2004-03-20 02:55:20.261418 7 17 122.153 -3.91901 121.44 2.08393
2004-03-20 03:22:20.349212 7 17 122.153 -3.91901 121.44 2.07664
2004-03-20 04:31:51.730688 7 17 122.153 -3.91901 121.44 2.06941
2004-03-20 02:48:20.222937 8 17 122.153 -3.91901 121.44 2.08393
2004-03-20 02:55:50.246327 8 17 122.153 -3.91901 121.44 2.08393
2004-03-20 03:09:50.430345 8 17 122.153 -3.91901 121.44 2.07664
2004-03-20 03:23:20.346173 9 17 122.153 -3.91901 121.44 2.06941
2004-03-20 04:18:21.645224 9 17 122.153 -3.91901 121.44 2.06222
2004-03-18 00:08:01.224492 10 17 122.153 -3.91901 114.08 2.15971
2004-03-20 02:49:20.229102 10 17 122.153 -3.91901 121.44 2.08393
2004-03-20 03:29:50.38927 10 17 122.153 -3.91901 121.44 2.07664
2004-03-20 02:56:50.354492 10 17 122.153 -3.91901 121.44 2.07664
2004-03-20 02:49:50.330131 11 17 122.153 -3.91901 121.44 2.08393
2004-03-20 03:03:50.291015 11 17 122.153 -3.91901 121.44 2.07664
2004-03-18 00:08:45.616237 12 17 122.153 -3.91901 121.44 2.15188
2004-03-17 18:41:14.567279 12 17 122.153 -4 114.08 2.19159
2004-03-18 07:20:46.235553 12 17 122.153 -3.91901 1552.96 2.12114
2004-03-19 10:20:18.441054 12 17 122.153 -3.91901 1199.68 2.12114
2004-03-19 12:54:48.747841 18 17 122.153 -3.91901 964.16 2.1061
2004-03-16 16:29:18.801169 333 17 122.153 -3.91901 861.12 2.24121
2004-03-16 16:31:11.958244 337 17 122.153 -3.91901 861.12 2.23278
2004-03-16 16:47:46.059978 370 17 122.153 -3.91901 772.8 2.22442
2004-03-16 16:48:11.585686 371 17 122.153 -3.91901 772.8 2.23278
2004-03-16 16:48:45.547713 372 17 122.153 -3.91901 772.8 2.22442
2004-03-16 16:54:40.45299 384 17 122.153 -3.91901 743.36 2.23278
2004-03-16 17:05:14.618047 405 17 122.153 -3.91901 684.48 2.22442
2004-03-16 17:05:49.824173 406 17 122.153 -3.91901 684.48 2.21612
2004-03-16 17:06:16.079344 407 17 122.153 -3.91901 655.04 2.23278
2004-03-16 17:12:20.004458 419 17 122.153 -3.91901 625.6 2.23278
2004-03-16 17:15:21.493743 425 17 122.153 -3.91901 596.16 2.22442
2004-03-16 17:19:16.023566 433 17 122.153 -3.91901 566.72 2.22442
2004-03-16 17:19:44.634614 434 17 122.153 -3.91901 566.72 2.22442
2004-03-16 17:25:42.297707 446 17 122.153 -3.91901 537.28 2.21612
2004-03-16 17:27:11.767985 449 17 122.153 -3.91901 507.84 2.22442
2004-03-16 17:27:43.124411 450 17 122.153 -3.91901 507.84 2.21612
2004-03-16 17:29:42.857857 454 17 122.153 -3.91901 507.84 2.21612
2004-03-16 17:34:41.307487 464 17 122.153 -3.91901 456.32 2.22442
2004-03-16 17:38:14.368304 471 17 122.153 -3.91901 412.16 2.22442
2004-03-16 17:44:46.029461 484 17 122.153 -3.91901 368 2.21612
2004-03-16 17:48:14.361143 491 17 122.153 -3.91901 323.84 2.22442
2004-03-16 17:52:13.951993 499 17 122.153 -3.91901 294.4 2.22442
2004-03-16 17:54:18.102212 503 17 122.153 -3.91901 279.68 2.22442
2004-03-16 17:55:47.359367 506 17 122.153 -3.91901 264.96 2.21612
2004-03-16 18:02:41.409209 520 17 122.153 -3.91901 209.76 2.21612
2004-03-16 18:03:45.662973 522 17 122.153 -3.91901 209.76 2.23278
2004-03-16 18:06:13.051573 527 17 122.153 -3.91901 187.68 2.24121
2004-03-16 18:09:47.255328 534 17 122.153 -4 165.6 2.24121
2004-03-16 18:14:15.47342 543 17 122.153 -4 136.16 2.2497
2004-03-16 18:17:14.570605 549 17 122.153 -4 128.8 2.25825
2004-03-16 18:17:43.214433 550 17 122.153 -4 128.8 2.2497
2004-03-16 18:22:52.143983 560 17 122.153 -4 121.44 2.2497
2004-03-16 18:23:47.806658 562 17 122.153 -4 121.44 2.2497
2004-03-16 18:26:45.275165 568 17 122.153 -4 108.56 2.25825
2004-03-16 18:33:14.461043 581 17 122.153 -4 114.08 2.26687
2004-03-16 18:33:44.174448 582 17 122.153 -4 114.08 2.2497
2004-03-16 18:34:19.860277 583 17 122.153 -4 114.08 2.25825
2004-03-16 18:35:43.288525 586 17 122.153 -4 114.08 2.2497
2004-03-16 18:36:14.757894 587 17 122.153 -4 114.08 2.25825
2004-03-16 18:36:43.770586 588 17 122.153 -4 114.08 2.2497
2004-03-16 18:38:23.695893 591 17 122.153 -4 114.08 2.26687
2004-03-16 18:38:48.909868 592 17 122.153 -4 114.08 2.2497
2004-03-16 18:40:19.639789 595 17 122.153 -4 114.08 2.25825
2004-03-16 18:42:18.768158 599 17 122.153 -4 114.08 2.25825
2004-03-16 18:43:42.729907 602 17 122.153 -4 114.08 2.25825
2004-03-16 18:45:47.374403 606 17 122.153 -4 114.08 2.26687
2004-03-16 18:47:43.253105 610 17 122.153 -4 114.08 2.25825
2004-03-16 18:48:14.359132 611 17 122.153 -4 114.08 2.25825
2004-03-16 18:49:16.268149 613 17 122.153 -4 114.08 2.26687
2004-03-16 18:50:43.512217 616 17 122.153 -4 114.08 2.26687
2004-03-16 18:51:18.454864 617 17 122.153 -4 114.08 2.26687
2004-03-16 18:54:18.151646 623 17 122.153 -4 114.08 2.25825
2004-03-16 18:58:21.511177 631 17 122.153 -4 114.08 2.26687
2004-03-16 18:59:10.818416 633 17 122.153 -4 114.08 2.26687
2004-03-16 19:01:48.032006 638 17 122.153 -4 114.08 2.25825
2004-03-16 19:02:18.985752 639 17 122.153 -4 114.08 2.26687
2004-03-16 19:02:51.031595 640 17 122.153 -4 114.08 2.25825
2004-03-16 19:03:42.971069 642 17 122.153 -4 114.08 2.25825
2004-03-16 19:04:13.142226 643 17 122.153 -4 114.08 2.26687
2004-03-16 19:04:41.327896 644 17 122.153 -4 114.08 2.26687
2004-03-16 19:06:16.111139 647 17 122.153 -4 114.08 2.26687
2004-03-16 19:08:57.06847 652 17 122.153 -4 114.08 2.25825
2004-03-16 19:10:14.444521 655 17 122.153 -4 114.08 2.26687
2004-03-16 19:11:46.266511 658 17 122.153 -4 114.08 2.26687
2004-03-16 19:14:16.493124 663 17 122.153 -4 114.08 2.26687
2004-03-16 19:15:18.40472 665 17 122.153 -4 114.08 2.26687
2004-03-16 19:19:42.03459 674 17 122.153 -4 114.08 2.25825
2004-03-16 19:23:16.565989 681 17 122.153 -4 114.08 2.26687
2004-03-16 19:24:43.097193 684 17 122.153 -4 114.08 2.26687
2004-03-16 19:25:46.626174 686 17 122.153 -4 114.08 2.26687
2004-03-16 19:26:18.594086 687 17 122.153 -4 114.08 2.27556
2004-03-16 19:28:16.141313 691 17 122.153 -4 108.56 2.27556
2004-03-16 19:28:40.887149 692 17 122.153 -4 114.08 2.26687
2004-03-16 19:30:47.506353 696 17 122.153 -4 114.08 2.26687
2004-03-16 19:32:20.369806 699 17 122.153 -4 114.08 2.26687
2004-03-16 19:32:50.267741 700 17 122.153 -4 114.08 2.26687
2004-03-16 19:33:42.060319 702 17 122.153 -4 114.08 2.26687
2004-03-16 19:35:47.647249 706 17 122.153 -4 114.08 2.26687
2004-03-16 19:38:20.048778 711 17 122.153 -4 114.08 2.27556
2004-03-16 19:38:46.962997 712 17 122.153 -4 114.08 2.26687
2004-03-16 19:39:46.084924 714 17 122.153 -4 114.08 2.26687
2004-03-16 19:40:54.444102 716 17 122.153 -4 114.08 2.26687
2004-03-16 19:42:47.7087 720 17 122.153 -4 114.08 2.26687
2004-03-16 19:45:14.670096 725 17 122.153 -4 114.08 2.26687
2004-03-16 19:51:45.804509 738 17 122.153 -4 114.08 2.26687
2004-03-16 19:52:44.386435 740 17 122.153 -4 114.08 2.26687
2004-03-16 19:53:43.755718 742 17 122.153 -4 114.08 2.26687
2004-03-16 19:55:17.581667 745 17 122.153 -4 114.08 2.27556
2004-03-16 20:01:15.97906 757 17 122.153 -4 114.08 2.27556
2004-03-16 21:28:11.723805 931 17 122.153 -4 114.08 2.26687
2004-03-16 21:29:42.131522 934 17 122.153 -4 114.08 2.25825
2004-03-16 21:31:42.141833 938 17 122.153 -4 114.08 2.25825